7159
7160
866103
28624
2579877
120869
120870
120871
120872
329099
240003
662895
120873
1129559
663928
1712862
2575619
743690
329103
662894
401424
120874
767797
1810856
228921
140438
586676
1788511
120875
1788512
508662
1548036
1315219
1529939
120876
46209
1788513
743694
761982
120877
120878
7163
317808
1548034
622773
1411912
262008
7173
41427
1632206
120868
1518534
139045
139723
281737
262009
111615
138534
41428
41429
41429
73143
41430
273151
208662
205392
221566
227531
159154
72408
30069
262673
345579
262672
345580
2547966
1245328
911293
1795353
1799675
1464558
1464559
1464560
1464561
2306907
421623
545656
943103
7175
450823
100677
7176
1799676
1799677
162998
42431
1799681
561267
42433
7178
420550
1144254
1788509
332058
866104
1538645
2025599
2579876
1206072
329107
866105
1788510
665338
1551375
559294
